500
-20 11 5 13 26 -18 -44 -50 31 8
29 -26 42 11 1 -29 -35 22 -28 0
2 -35 15 -8 -21 -30 -24 8 37 7
-45 25 -21 -20 -15 28 8 -28 -12 -8
39 31 -32 -32 -35 -25 29 3 -21 4
-17 -37 -15 -7 -43 -5 18 -48 11 2
-45 -34 23 16 3 8 -23 39 -18 11
-38 -43 4 35 3 -36 -38 -35 -35 -27
-20 25 28 22 31 38 34 46 32 11
10 13 -41 43 -22 14 5 36 1 -33
-18 -50 -40 -11 -21 -12 -50 -48 7 -15
-1 -11 10 -48 4 21 40 -23 29 4
-29 -28 -27 -41 -30 36 -25 32 6 -50
-45 5 35 -5 -1 -32 -42 -23 -42 35
46 -19 32 33 -22 -11 47 22 -6 13
33 28 4 -17 23 31 33 -19 -2 -33
12 32 -43 36 -22 -16 -17 15 32 -45
21 17 28 -34 -24 -27 -25 -8 -25 20
-14 -8 36 30 -34 -50 18 29 22 25
-49 -44 -43 44 -24 -48 -49 -37 8 -48
-13 -39 8 -38 10 -35 20 -12 9 -23
18 4 -13 -49 42 -4 27 11 -33 26
-35 -5 -2 -8 -43 -25 19 -32 -47 13
23 -19 36 -36 24 -11 -43 -15 6 -47
-28 46 -13 -36 2 -41 8 32 -23 9
24 7 30 -15 -46 -24 23 1 -3 48
28 -30 24 10 -10 11 7 1 -6 -39
24 -22 45 31 -50 27 16 -16 18 -50
-26 11 22 -37 -18 44 11 0 -2 -28
32 -42 2 15 -30 -14 -49 -41 -47 -26
39 -49 -31 -23 -24 -43 -27 -36 -7 -33
-40 -35 -29 9 3 28 4 31 -5 32
26 15 3 -43 -42 -16 34 28 -27 22
-6 28 27 39 0 35 -39 -50 -4 -45
-14 -29 -21 -48 -25 -35 -40 9 -23 -9
-14 -22 49 11 49 -36 18 8 -35 -26
-39 36 -48 25 2 -25 -17 -12 -30 23
-46 30 -30 30 40 0 31 42 -16 -50
-33 -43 43 -5 41 32 3 2 20 33
-39 6 21 -21 -8 -11 29 -39 -28 -18
-50 -32 -30 15 33 -18 37 6 29 -29
23 -47 13 42 -11 -4 5 -29 -7 40
19 -6 38 32 -7 -38 -26 36 -12 -25
-5 -30 17 -40 -48 36 -38 -5 -8 -19
-31 26 -38 -1 10 -5 38 45 -24 17
-15 33 28 -20 -20 39 -18 -18 2 -25
20 7 -29 41 -47 -27 -25 3 8 4
22 -40 -15 42 -23 -9 -42 42 -27 -48
-49 -26 37 28 -16 -18 -17 16 -28 13
-49 36 0 -44 -1 29 3 44 -11 23
